<GENERATOR-RANGEUNIT>um
<RETRIEVAL-NVARS>8
<RETRIEVAL-VALUES>0.5,0.003,7e-07,0.021,9.8,1.0,0.3,1.0
<RETRIEVAL-VARIABLES>Clouds,Water[H2O],Ozone[O3],Oxygen[O2],Gravity,Pressure,Albedo,Radius
<RETRIEVAL-MIN>0,1.0E-8,1.0E-10,1.0E-10,1,1e-3,0.01,0.1
<RETRIEVAL-MAX>1,0.1,0.1,0.8,100,10,1,12.0
<RETRIEVAL-UNITS>linear,log,log,log,log,log,linear,fixed
<RETRIEVAL-NEST>Terrestrial,400
<RETRIEVAL-FLUXSCALER>1.0
<DATA>
0.6654049085 0.35600744500000003 0.018796112339285714
0.6701578007 0.358485595 0.018796112339285714
0.6749446422 0.36032894 0.018796112339285714
0.6797656753 0.36168427000000003 0.018796112339285714
0.6846211444 0.36137376499999996 0.018796112339285714
0.6895112954 0.34969372 0.018796112339285714
0.6944363761 0.341516495 0.018796112339285714
0.699396636 0.346956795 0.018796112339285714
0.7043923262 0.35273334500000003 0.018796112339285714
0.7094237 0.35977394500000004 0.018796112339285714
0.7144910121 0.35434524500000003 0.018796112339285714
0.7195945193 0.307938175 0.018796112339285714
0.7247344802 0.31257762 0.018796112339285714
0.7299111551 0.31865871 0.018796112339285714
0.7351248062 0.351802695 0.018796112339285714
0.7403756976 0.36508817 0.018796112339285714
0.7456640955 0.37053065 0.018796112339285714
0.7509902676 0.37161483 0.018796112339285714
0.7563544838 0.37243660500000003 0.018796112339285714
0.7617570158 0.30534356 0.018796112339285714
0.7671981374 0.36069998999999997 0.018796112339285714
0.7726781241 0.37317298000000004 0.018796112339285714
0.7781972535 0.37258221 0.018796112339285714
0.7837558053 0.372082275 0.018796112339285714
0.7893540611 0.359929315 0.018796112339285714
0.7949923044 0.362917765 0.018796112339285714
0.8006708208 0.35626524 0.018796112339285714
0.8063898981 0.36378381000000004 0.018796112339285714
</DATA>